a      8      43      0      0
b      1      27      0      0
c      3      35      0      0
d      4      36      0      0
e      13      47      0      0
f      2      30      0      0
g      2      31      0      0
h      6      40      0      0
i      7      42      0      0
j      1      27      0      0
k      1      28      0      0
l      4      37      0      0
m      2      31      0      0
n      6      40      0      0
o      7      42      0      0
p      2      32      0      0
q      1      28      0      0
r      6      41      0      0
s      6      41      0      0
t      9      45      0      0
u      2      32      0      0
v      1      29      0      0
w      2      33      0      0
x      1      29      0      0
y      2      33      0      0
z      1      30      0      0
